[0.8832815672124237, -0.42845970153554735, 0.19035744582977146]
[-0.8523854356248075, -0.5196965785337884, 0.05791835110723532]
[0.05363552996024792, 0.9834369560339958, -0.17313284908552654]
[0.49671327530359705, 0.8647812192361455, 0.0736842248627127]
[0.4808480246570045, 0.8018599631981488, 0.35469110025953615]
[-0.2597053728808292, 0.8761908402737865, 0.40600828897590946]
[0.4308913946493189, -0.5743233237434217, 0.6960498012509406]
[0.7175718004958773, -0.26660387845535094, -0.6434384843368239]
[-0.11701010862412257, 0.193411414777332, 0.9741153212600662]
[0.6560853545785086, -0.7497210969257836, 0.08643080661426404]
[-0.08395685777477231, -0.044267410069385754, 0.995485631457499]
[-0.9046589328882633, 0.40183471058505316, -0.1418487945472058]
[-0.6988494037821777, -0.137916655763437, -0.7018464981007773]
[-0.30796453391758216, -0.7818706872951087, -0.5420664850344472]
[-0.10146447242242337, 0.8256364841219125, 0.5550039251418373]
[-0.802252733807295, 0.2981619712829626, 0.5171943444967074]
[0.40680292479384156, 0.8708855107115739, 0.2758075553929175]
[0.33834100142785184, -0.6771019212117345, 0.6534970199198894]
[-0.3896056197039772, -0.6226595392711334, -0.678603388769714]
[0.05445819206727757, -0.4274737729374098, 0.9023859921161339]
[-0.1284322624406433, 0.20916535698615032, -0.9694096179640647]
[-0.7567264131424746, 0.5688349305635836, 0.32216759213683815]
[0.7327114188665634, -0.24696563990172316, -0.6341466308122117]
[0.19950719979286016, -0.5462270773467921, -0.8135311040175375]
[0.282636517244586, 0.6548142235220566, -0.7009528741599231]
[-0.41566764260199013, 0.6740274071392621, 0.6106614981467455]
[0.2383698863582198, 0.733579585628814, 0.63642814898952]
[-0.929086191872397, 0.26098134577349036, -0.26208316472124943]
[0.28493324373538953, 0.9391835534234176, 0.19169585178973295]
[-0.3086543583429565, 0.3941422712019802, 0.8656698892347142]
[-0.5154526786968444, 0.4747036032139841, -0.7134178474918523]
[0.5257487292505237, 0.7650199785218448, -0.37193105026858864]
[0.7076597294183445, 0.663283944966055, 0.2434586529779183]
[-0.4420354410414217, -0.7187371510679645, -0.5366764169758365]
[-0.05166825456819495, 0.9379729513717155, 0.34283689119595817]
[0.011753388990354947, -0.49504430606174465, 0.8687882324727281]
[0.42136531907821023, -0.8635946090935512, 0.27686751167783163]
[0.24489724090924755, -0.41592068485136763, -0.875805529388692]
[0.07593241061102199, 0.43890920343773127, -0.895317251121889]
[0.3451376313978115, 0.7339781441550867, 0.5849411075448221]
[-0.25709402355278027, -0.2162143161000253, -0.9418885457244083]
[-0.5454911908536565, -0.03944963643216988, -0.8371876055499325]
[0.6922728467837181, 0.31342327104224954, 0.6500185834075387]
[0.8953030178194411, -0.23328621733689736, 0.3794865571848934]
[0.07685263001998516, 0.06621367944935938, -0.9948414054073086]
[0.702508681260633, -0.5472705763700644, -0.454946666097273]
[-0.37459444722339863, -0.8578961489220017, -0.3517004375518961]
[-0.733942142420008, -0.519441492904213, 0.4376179464205863]
[-0.35811218255188193, 0.8255928337789279, 0.43606437313865415]
[-0.7025449604307311, -0.3176636749725638, -0.6368048116780428]
[0.4120911712316188, -0.563263805857651, -0.7161806696663259]
[0.9335852719687535, -0.26683477082301815, -0.2392023098610381]
[0.9290780533793505, -0.29875156056441987, -0.21808593670652102]
[0.010858687547026163, -0.6823418303625176, 0.7309526082054058]
[0.6342480074534549, 0.2868644983076616, -0.7179402653786843]
[-0.900898815704176, 0.36784476656871007, 0.23037263633258276]
[-0.5906204014069447, 0.08340238683711494, 0.802627923331709]
[-0.39730521351637105, -0.9164632250898449, 0.04736796776969921]
[0.14037652805099893, -0.16490617307971248, -0.9762686026153617]
[-0.8335596286217066, 0.5460499467075418, -0.08371261095398372]
[0.042739058447633684, -0.5257735903257855, 0.8495501777993709]
[-0.7858271039345524, -0.28800895385558745, -0.5472902385579741]
[-0.24687682280937034, -0.6070451471566666, 0.7553462938765846]
[-0.6068886336549082, 0.3451841897695471, 0.7159148423336535]
