[[2.047350664869458, -3.9178174586598375, -2.280526302114903], [3.208124072122567, -4.611545856632512, -3.033665674384328], [2.0939068831966443, -4.440481798272869, -1.8951954088031693]]
[[-1.8699396201722087, 3.319237070852469, 8.921045210382372], [-3.1722372561119196, 2.9181189022574223, 7.730029215882074], [-3.941615574814061, 3.6797721314939342, 9.165172090858523]]
[[2.4080800800803024, -2.2376568429129824, 2.8465268391701226], [2.6552448539480187, -1.765610973131499, 1.7611026214255292], [1.267575059421719, -0.10239301197560524, 3.136225614944479]]
[[-3.313382176134011, -2.971394136803659, -0.9012910036781882], [-2.3701795902901637, -2.6266354780898604, 2.5510582924428986], [-0.8996340102753586, -1.7037750328157553, -0.1882866636835936]]
[[1.2324361289270698, 7.858429489457923, -2.7097588692072754], [0.13115437963260806, 7.0366921720376245, -4.903431406447282], [0.9484319850817856, 8.142639197546421, -1.6085996673721668]]
[[-1.1217364940795964, -1.687321889379747, 1.1651674130559013], [1.4811074952699135, -0.3676706072924403, 2.2170049774605], [-0.027692185197138064, -1.0550165025604499, 1.666235494763276]]
[[0.48243955199456134, -5.242330990224674, 6.8475447257054105], [0.7637092923022526, -5.592939134524081, 6.273935263486989], [1.4943737111181163, -6.682048700641068, 5.089849657826919]]
[[-3.020600545489896, 5.794574286676016, -4.419162579408466], [-6.540850656727222, 3.5119729974103002, -4.368163316382095], [-5.84069374141905, 4.107151241464232, -5.3081449818021325]]
[[-12.632371388991778, -0.20493567801227391, 0.33312757005974697], [-14.320687548599517, -1.1818168166926546, -0.20714195040103334], [-13.439260555671064, 0.8823995260608942, 1.2939450125622005]]
[[2.039077213288063, -2.2066677530643632, -1.307361560184002], [3.922680194937211, 0.826341140146001, -2.132490743333486], [4.525218994143396, -1.8623791083277703, -1.139025792995983]]
[[-4.448750930115949, 3.441079564414111, 0.42243867550257486], [-3.189806414703651, 5.967351881935524, 2.0648844256975596], [-5.669812710826466, 3.0379750663077627, 1.531796187637472]]
[[0.10504311483728387, -0.3904206939052426, 1.5643096514130082], [-1.0923829254585329, 0.5443514174600214, 2.8850972776501718], [-1.1806902724943715, 0.8515489741343534, 1.1129189887922175]]
[[4.565971297196437, -1.8502436337790114, -2.9301652507470055], [2.6639253697623384, -2.0245536278264717, -2.2329425313313678], [1.9613762110201636, -2.42447340626999, -1.627540309291127]]
[[-7.813221067392193, -1.3353167068805414, -5.333071390464882], [-5.691237154406703, -1.868778790084024, -3.975653096579102], [-7.213641241312721, -1.9117109336316782, -4.837879438567287]]
[[-1.7990660282523308, -1.449366353341621, -6.177951398729518], [-1.0494747778877456, -3.160970558905203, -4.480643376984947], [-2.4743174307847746, 0.40881215792420944, -3.6531127423956153]]
[[-1.045221117466368, 1.0480870304147416, -0.9025799191738656], [-0.9938383907749231, 1.2251904049225455, -1.385785902395817], [0.12552872312158686, 2.7981350947509824, -2.086026074924241]]
[[-5.94406349630632, -2.323231715935582, -5.207415218995115], [-4.554150490366569, -3.308518197328751, -3.0408047134768816], [-4.239915662561732, -1.9590036570804492, -3.283833992091711]]
[[-1.9458061712505064, -4.2379196072243985, -5.6915402587184545], [-1.8227002913963684, -3.0725100355053594, -2.738519136683408], [-2.346220567676691, -3.2654242546184946, -2.4962235738706844]]
[[-1.6564806481707866, 1.6893196427377493, 10.023841516525385], [-2.316518107142497, 0.0043120343309559495, 9.030340515921283], [-0.9131408862728749, 2.405325857960065, 8.62360405537787]]
[[-1.9374200748175427, 4.761023047910836, 0.2203042679917728], [-1.5573604383576007, 3.3905925164176676, 0.054569557917009875], [-1.3000159761724037, 4.747275465842081, 2.2321558624626543]]
[[-4.677277616396608, -3.752822329123701, 7.054197325675688], [-3.3872761874151296, -3.8049828988315566, 5.066810792708241], [-6.233684522825178, -3.171372010358988, 3.910132924790144]]
[[-2.8260169670874555, -7.791533047326011, -0.10288541872603263], [-2.9118746409856437, -5.360443698395062, 1.4908114522347589], [-1.6143216870183665, -6.112402656534141, 0.7565425576529852]]
[[3.201886547388289, -0.9105419453459623, -0.37609720503755684], [2.394077082677844, -1.7416585260538313, 1.253912645566059], [2.6395256697129974, -2.286171591117615, 2.1550241958985143]]
[[1.94027418204558, 1.0570563027160231, 8.277802824395666], [2.160602946672002, 2.138162912435635, 9.171694861795924], [2.776068281393223, 0.7780579318965943, 7.428660596052454]]
[[-6.192404258114517, -0.9332465380578132, -1.9470140265219813], [-7.1994677187036356, 0.9579685269417794, -2.5888976466198534], [-7.051229633638734, 2.388794973509601, -1.7204276254664879]]
[[2.1873150226349307, -7.686366663446281, -8.458865482550344], [-0.6657787334956257, -5.023307455773794, -8.724521292427745], [2.1612596178433057, -6.898131648380057, -7.838120435356599]]
[[1.1799633828296634, 1.5725610840854582, -4.619154437691836], [-0.9714238029906023, 3.148176567830909, -1.3194004922555553], [-1.0221615401573643, 2.6482518502066266, -3.4502666456291586]]
[[-0.16351652147964568, -5.126280001624778, 0.05016968189636839], [2.2865159639012935, -3.7155581984752404, 0.0038536135738560517], [0.9407795232087723, -2.6053952501278883, 0.4797244633123424]]
[[-3.2473231341498026, 1.2808877183378193, -4.160421518807442], [-1.6146258777810565, 0.45932428177764645, -5.144672376569512], [-2.881072131669571, -0.6058784439593979, -3.572757535950638]]
[[4.394897596952136, -1.3063587207678875, 4.012655067923802], [3.3442061435039823, 0.7676371202562053, 4.251153740481179], [5.445214679778381, 1.8739750984535304, 5.439657623886108]]
[[-3.4545208553490774, -2.2165544205486825, 1.0994982483639701], [-2.9418945578388245, -1.8262210229634217, 1.545810054340286], [-3.2471726131688614, -1.2549898800188166, 1.357700115121113]]
[[4.882301484681708, 5.579471039056219, -0.4811762694433792], [3.5785533720426335, 4.429953752750452, 1.2879216761377608], [4.957259741284529, 5.486610284621472, 1.5786468567500624]]
[[-1.455358256469085, -2.569192980588048, -4.805663959496805], [-3.752448211846013, -1.5460263169796924, -7.178312497083235], [-3.258237647301936, -1.1375274199258305, -6.5075481203362475]]
[[-2.986873254979981, 0.4928663808583903, -4.092109330999994], [-1.4928034815772517, 0.4546414566917508, -4.219359177226506], [-1.750142634027849, 1.5451508216110041, -6.200472549477328]]
[[3.1678797770543463, -5.225016933858247, 5.102054917684712], [5.1289594463476345, -3.81291140442351, 2.7000782194119695], [5.613806121311509, -6.053219665313618, 2.2806403005836033]]
[[-5.387796274482265, -1.290828283436566, 6.002981016384118], [-6.358788187185602, -2.960870023449181, 6.0765275118346125], [-4.6137304071477265, 0.6067870754286937, 3.894661250340481]]
[[7.660123258457505, 2.879080618472406, 3.393606588032073], [5.59142849367437, 1.4077540375624384, 3.107182105179559], [6.3168563558253625, 1.3207406047897408, 2.445935931965836]]
[[-1.2940601204964204, 3.1151660635945477, -4.2129239345907], [2.221567583825755, 3.2946013457097774, -4.221153557742563], [-0.831996868112963, 5.041224237607247, -1.249782407337142]]
[[7.383076288034104, -1.9918543360866687, 5.018682949629125], [5.790331936741561, -1.1259736781612057, 3.485243162157131], [5.555829906919987, -1.916524627357295, 4.1386269071688195]]
[[0.5861810466521095, -2.4071188941398556, -2.290697072013165], [1.8064558260356323, -1.4635432248073208, -3.0092693588147688], [-1.9757496444249802, -3.2513296718711047, -1.8828522815780984]]
[[0.48300308678696413, -0.10992118474322565, 8.808130053956532], [0.7589671622969738, 1.8167468746685596, 7.90874237533401], [1.9254653286752357, 0.785871566128977, 9.932272593275993]]
[[-0.4850535491009612, -0.24353352947485396, 1.9345433911454408], [-0.9222014473190219, -0.4400617078113113, 2.01511904020979], [-1.2653391801573581, -1.440435779300564, 0.6191733341627936]]
[[-2.911842382220078, 4.59650445432767, 1.9359080415432048], [-3.8688230178852634, 3.3776031089093745, 2.432484154984383], [-4.194805139439485, 3.4488287080150073, 5.347839907623183]]
[[1.0578342363880595, 0.31050315153273744, -4.414413442735358], [-1.0647469628831765, 3.0190949869127603, -5.8044801634248895], [1.0667528767613634, 0.791414503350253, -4.174157016829729]]
[[16.507547094296655, 3.205334875482222, -0.23872444733372444], [14.871587796232241, 2.9080221478889086, 1.136006603476411], [14.89081130636352, 3.313312542239316, -1.256120688638135]]
[[-1.4725911120630875, 8.422560263844584, -0.8851585774861304], [-1.0030274106710444, 7.402387256984065, -3.522484182789578], [-2.94701608718354, 7.902548498705643, -1.8868138652984272]]
[[-3.0813869038602393, -0.36997870724440673, -1.417482466809217], [-4.940007181033378, -0.8053481531696247, -0.0407767425047052], [-4.091005417465074, -4.692076371378249, -1.4937521855192246]]
[[-8.559493132813413, 1.2122292947641082, -0.08377191610358281], [-9.40699015198852, 1.7691241353835057, -2.069498116281671], [-7.915687183836845, 2.2907259856653317, -0.04361085902915385]]
[[4.372714646075996, -1.053581263298875, -8.674377243435446], [4.567879723934903, 1.1265493143294585, -6.8326420262443115], [4.21668548694486, 0.47718003529984265, -8.948844303707233]]
[[-0.8240446276655881, -2.6768807957851695, 0.950231428547746], [-0.19667000646220362, -4.472456788128602, 0.012785817443739744], [-1.5032066168394098, -3.0445332179016127, -1.0822799287133882]]
[[-1.9827201713288567, -1.71533206623716, 4.769327703094981], [0.11976241331100898, -1.8388536851504427, 6.175625729716413], [0.05692286326873659, -4.276180040488529, 6.371206320063703]]
[[-0.8709186237070723, -1.7068475774106937, 5.125352749547784], [-3.0129842450451494, -0.25915851664759276, 4.487500681854115], [-0.8772162481671922, 0.539773023181934, 3.7049737297643768]]
[[-6.688656924803609, -10.810826277484312, 4.438393108410477], [-6.532661993107347, -11.067002897381926, 4.462882210216304], [-6.408432527888812, -11.690937779463269, 3.674995124271065]]
[[7.348600448150133, -6.8927227481859195, -4.228122106097462], [6.486893636583085, -6.408523905248921, -3.167288562771145], [5.964145310808618, -6.031510462680023, -4.244582927393704]]
[[0.031452465852776945, 2.508504407140181, -3.52819283778123], [1.1426540922687598, 1.6966689778159938, -3.8088444941596062], [0.6572500421620125, 2.1277415990976007, -2.6767189294237137]]
[[4.153888963622278, -4.174907468216232, -5.7906822311118935], [4.469270689884046, -4.126341006255127, -2.7800746179868017], [5.450218410059955, -6.565051142994928, -5.478310345509096]]
[[-3.353808380276928, 7.301508294166129, -6.888047533915689], [-2.726429769293946, 6.6284625592678275, -5.564836834632468], [-5.269556750396303, 6.2368844429836985, -5.818253111010094]]
[[1.6819037392767258, 2.8468178364764802, 2.9137465466774453], [-2.553510469446617, 3.9158264152274325, 4.842031417674223], [-1.2063281869941165, 4.091579052600615, 3.870466254011833]]
[[1.3410577524314113, 0.6227469916184274, 1.5604711027511295], [1.4074299081230686, -0.5929514915580713, 2.0821525791882842], [2.850415168046063, 0.5144988358467968, 1.1637316942088742]]
[[-0.5764919973019421, 0.2702132760518323, -4.364388471631056], [2.0800371002106526, -1.9285295666213464, -3.67963473485793], [1.4876026547997705, 2.0931913962583364, -1.3328443172704236]]
[[7.593914512162248, 0.02526001757758589, 8.375532621694704], [7.224114099670571, -0.9747104309340114, 6.510849461552489], [7.031246012343262, -0.608924309594, 7.675536048701666]]
[[7.839560254641213, 4.27214489188507, -2.5251677466269404], [9.44645547610567, 6.173086848717141, -0.889960276843279], [9.171692539159547, 4.445487543287165, -2.7126964636057487]]
[[4.44814373231969, -3.0299874061653362, -7.829597876888904], [4.245535449089958, -3.4512399397585867, -6.764014406257919], [4.562005520170064, -2.373168917560632, -6.307425131036166]]
[[-0.7017433499668526, -1.6820122293767117, 4.104340229780356], [-1.2635969336287252, -2.1998360551209473, 5.945890731700889], [-2.2571310165721004, -2.471117930826454, 2.9626903423200788]]
[[-0.9154212290240892, -1.9619844499663222, -5.321301787857526], [-2.1044831104451407, -2.5000196636078, -3.2300439871666455], [0.07918400376928625, -2.9981996735674388, -6.104642892774478]]
[[-0.6952600157542694, -5.892796970926809, 1.7161090981012248], [-1.4789386189895237, -3.9418943367501256, 4.957057778499028], [1.3093902497347338, -6.082563602515238, 4.864300637719987]]
[[2.6619377991162914, -2.034363225517444, 5.469386735854528], [2.4294695913902586, -2.213757726082862, 5.177377793729014], [2.2630100385504512, -3.4889257402452136, 5.835145871636869]]
[[5.71517270389998, 2.8635710812033217, 0.38798369806542365], [5.957474343855486, 4.677719277149689, -0.4460618083302973], [4.680889570083344, 3.5434606102004653, 1.1479136155141088]]
[[1.5011395189633165, 0.4127123713524999, 0.9302806544116], [2.729887326840549, -1.2821465925870479, -0.2620872121012885], [2.096963105706492, -0.8376680629501074, 0.3922855464407793]]
[[6.392876816993789, 4.267039029514813, -1.9578928248186767], [5.677400534896181, 4.754267637312053, -1.2814026051001848], [9.77097769771293, 3.790259512229144, -2.124197319956205]]
[[0.11731766919321784, -0.20848510533195042, 6.2543117225970715], [0.5798975530310577, -1.4958927336132892, 6.382901054904856], [1.3946695211964997, 0.237407520641169, 7.640666481523924]]
[[-0.3266042366726626, 3.2585590241473597, -6.627093752547288], [2.5796737395655907, 2.1945805775846203, -6.964827380118834], [1.6232348546464523, 1.8473017331071637, -4.775981334128691]]
[[10.456810434500976, -6.331768682118999, -0.9123511382081579], [10.016966448329493, -5.070830351856321, 0.8512661781139086], [8.391083005608358, -5.438349112596815, -0.820840773871122]]
[[-2.936008705216735, 0.1552641094138392, -4.889138050164022], [-2.3854668473989276, -0.06910782084794653, -6.065697235103118], [-2.5084539966032864, 1.874954220834779, -3.8236996341389036]]
[[-5.91233220804988, 1.7018516620773627, -3.129234170121682], [-6.463511834190661, 3.2222026386416047, -3.9850801131187543], [-5.355252466331731, 1.0900080392423948, -1.9936009284596523]]
[[-1.8232015666847219, 7.471803470414586, -2.542393765983514], [1.7508065919902087, 6.008611922563611, -3.323400049940033], [1.5987187638353255, 6.493208163025839, -1.3998411015514365]]
[[1.480661911252637, 2.8101305224208333, 1.918679749935554], [4.10638955560635, 3.0563699960662682, 3.0747338346267945], [2.8937857535091775, 4.5533468446797745, 3.1270918991073757]]
[[-2.541563369321573, -2.0426955784343686, -4.559887477188075], [-3.1143788508936376, -0.17747312009390037, -3.148863713811769], [-2.9354919348856328, -1.8026946961161976, -2.7410464493889126]]
[[4.4835648452608945, -4.694934333274537, -2.0968235174223198], [5.203207218979395, -3.7012423549639513, -6.155694672973121], [4.065534475021517, -2.3508894365332393, -3.961472228661809]]
[[3.1240359797182418, -5.636565158773405, -4.6599893385260875], [2.9012833855014692, -4.890807056884555, -5.031563464198349], [2.129466113327763, -4.935558646019919, -4.301914780973469]]
[[-0.3690623684088715, -2.5109989211931074, 3.1353107599116594], [0.5132693862934392, -2.514092603475882, 3.9382492694125806], [1.6078875390334515, -1.8246460802766444, 4.22465104739712]]
[[0.8219040520858985, 0.7028145875603047, 2.7855075779726715], [1.6513296842264977, 0.7223111840199266, 0.25384304327890417], [1.0396480467444364, 1.4378195228487172, 0.3449220496088269]]
[[-0.3825625139952299, 2.7600228629052355, -4.36517173344606], [-2.4536162594239777, 1.3559383018382283, -6.241447988828103], [-2.0149760188483254, 2.6661077117321783, -5.681925894627216]]
[[-1.9197478877025165, 4.665855688617571, -0.3578549431782889], [-3.0066166445677935, 4.184661778958216, 0.09678261115999975], [-3.5278644834380897, 6.444181432392695, 0.8992133396908952]]
[[-4.651815743662207, 2.5449784101017556, -1.8538379420380642], [-2.2630850014617505, 3.4499963814822405, -1.4168301527274614], [-1.8840595960238664, 3.7723906926212716, -2.3529347768678406]]
[[0.2568348571017549, 0.7057747897577397, -4.800498148243318], [0.14239334409379123, -0.4003514768002845, -6.23060991677492], [1.4813621675735507, 0.7573616755513277, -4.727863476773905]]
[[-6.957937572329252, 3.1303801978834853, -4.4177420012811925], [-7.198548476350923, 4.202171408053268, -4.875194099513028], [-7.602244458748762, 2.7815772366895226, -5.466204418854103]]
[[1.195796638938926, -2.3210714677291335, 3.8254189771800244], [0.9690434072318652, -5.761020253664036, 3.726162967522586], [2.027934533304027, -3.5370697682870915, 4.910010893411405]]
[[2.8213582200570446, -0.14882153182309898, 1.8208271707238484], [1.7345207542097776, -2.0121321333495383, 1.2602647810797418], [2.0938237030016564, -1.021916299533912, 1.426848840348802]]
[[6.617592428849408, -3.8364970382826495, 0.874750192685366], [7.512267924869973, -3.95890267288973, 3.3271113318684087], [6.907383055598477, -5.35611558867869, 0.8220914204174373]]
[[-0.2945418066345491, 1.735170106815714, 1.0767653533119947], [0.14901203348820036, 1.5388723437201988, 0.8912944516365799], [0.3757624250789602, 1.1038281245979447, 1.1084406348288443]]
[[-1.8836142744454283, -5.976596847987572, -4.464934930714619], [-0.11884454994039384, -7.196582129857049, -5.337748683384848], [-0.862224031415388, -7.364609614191905, -5.958468802390048]]
[[-4.130035651088612, 0.5186011053700595, 1.309587880193706], [-3.2741937101888454, -0.5111358650379936, 0.4400591310855637], [-3.9200173929086697, -0.6871101385065821, 0.6939687808680698]]
[[4.301247693299266, -3.213557822845727, 1.2415189480210171], [2.458546328348758, -2.179639759299683, 0.8208176075853291], [4.418201948844571, -1.0662267386618312, 2.1491649777748467]]
[[-4.772682808781639, 0.45860325788314216, -1.711935604845868], [-6.04556873423963, 2.0555673267234043, -2.536581863255754], [-2.9064008084951762, 1.3628694553550347, -0.6414984635684247]]
[[6.095508517222739, -0.11339447740627229, -3.7457228626979755], [4.428397972330458, 2.530379017255649, -1.4392660622927613], [6.448300251472715, 2.9799345006889837, -1.7277292314234771]]
[[-0.5827968420708418, 2.9022754558474717, -0.7462333893056936], [-0.7656800517376962, 1.3063448445014492, -0.2392916945387512], [-0.7047175434984453, 3.19048490793853, 0.4944386559796634]]
[[2.099475072186764, 2.9614740735912193, 0.35313465064156035], [0.5461493853458707, 3.551843857885597, -2.538517463834618], [0.48207479739026493, 5.123633353387663, -0.8972880594458964]]
[[2.8036289210085594, 1.674415427522937, 2.3735263954925605], [3.334798491821564, 3.5014883929249736, 2.4149497863965528], [2.0133170418354416, 2.688679918022241, 2.260226051131655]]
[[4.325354966130183, -1.5785774834129238, -3.0652621939383313], [3.833835906282586, -2.1915678825905998, -2.038692593879594], [3.6125574694100084, -2.180721079220626, -1.9136714797692882]]
[[7.8480747118623135, 1.375440980503298, 1.7549004589317438], [8.258951646218938, 1.7985256124015903, -1.872668447157118], [7.700954670431719, 2.4852569945440726, 0.17445891197612062]]
[[-3.221879941523618, -1.2065916728147348, 0.3692103201703576], [-1.5947406843369902, -0.3733993569291323, 0.1724223200654769], [-2.4762535434021533, 0.27953693529356305, 0.85732086956466]]
[[4.8195043374969195, -7.007358350502546, 2.0419563136258745], [3.1919587008836743, -5.806769230050152, 0.017030605812287325], [4.980437977422212, -5.625804909051389, -0.8905633412236329]]
[[-8.936140898275102, -0.29225794177059794, 0.49816142103919375], [-10.710575537610815, -0.629108276602673, 0.4632299100030667], [-9.876258226263724, -2.9836168085950168, 0.6098979730514369]]
[[1.2047823257955477, -3.005225774050707, -1.5423223138368307], [-0.4982023922676876, -4.297500660770744, -1.8090636361081145], [0.4898429366894814, -1.5164799918492928, -0.3335017693976211]]
[[-4.290419633862306, -5.2573864753055215, 1.4689470576589105], [-5.868945138152414, -5.03728371102409, 2.873643349293336], [-5.073944778418005, -4.390897600270552, 2.0195503316768093]]
[[-1.3416557613867042, 7.303417489252934, -3.0155281307294786], [1.761961635361998, 7.63265280114118, -2.9129680020213495], [-0.6849051709284152, 8.715537670589493, -1.7840061846540434]]
[[3.3157124664849382, -2.4548306074828163, 1.009552884993732], [4.897473634142353, -3.0609725887690393, 0.287695623997763], [3.2791884857062263, -2.8303521999515016, 1.1150909956479793]]
[[-1.6940757579734058, 0.022516570806000002, -1.162786100122995], [0.05846839926616404, 1.9728811695245358, -3.720907221772116], [1.2809320411756542, 1.3228500646059969, -1.07903823166887]]
[[0.45543904242140243, -0.1912380798968038, 8.629609897872001], [-1.3634180090043193, -0.30211783147084653, 5.300640231711538], [0.40218057606575497, 1.65223586419549, 5.952325253763979]]
[[11.01901460874797, -1.6856190112464418, -0.38748007561197817], [8.567599376003159, -4.272413909164032, -2.455948511163208], [8.409339199597948, -2.7486266931622425, -0.888489882737188]]
[[-4.599336441498992, 6.07060469557336, 2.349762895026698], [-6.506095567433668, 5.970714638009601, -0.8739422217017143], [-3.7938991773544952, 6.592792862209674, -0.7230476551398505]]
[[4.5360689142258455, -2.5528647686872, -2.626480224025217], [4.142947332419991, -2.6423318469318016, -6.517425638196471], [3.983465163900971, -1.4610277452157128, -4.253503873898239]]
[[-0.3316114490136135, -9.886331523697535, 2.4496133083866924], [-0.26174090136796635, -8.390858733840892, 2.1653343172005517], [0.5746814988289867, -10.406070894980514, 2.0016264715713667]]
[[1.581997458692538, 1.709533953252163, -1.5898446473443284], [2.0490892900045465, 1.051478784752298, -2.8843615097936053], [3.996408055681621, 0.6287744372685551, -2.2755951832599766]]
[[0.7931560951807523, -3.642594723912186, -0.9176529660598939], [-0.5293258908126576, -3.7017842313923772, 1.3303344221896356], [-0.5704547525845876, -4.711689231642847, 1.4184131731177014]]
[[3.1232874915857396, -10.680400564426431, 4.484736916352942], [-0.7826078961488645, -11.477212992469026, 5.109075568057114], [-0.2641108531150831, -10.74661326284017, 2.4727419640112087]]
[[4.4894693078990375, 0.09388870562088787, 3.827211694277395], [4.081847745895859, 0.54473113812407, 2.202754636456432], [1.841316889654045, -0.01559240943656895, 3.4317338413053333]]
[[-1.6345637227712042, 0.03068898633716366, 0.4871449862964726], [0.4835107428259412, -0.8541282363202182, 0.17291010805892953], [-2.997008605879095, -1.4065738441357998, 1.4278386519065855]]
[[-0.15057001514848745, 10.118965846011317, 6.154666250603594], [0.517742493657456, 8.426406358549972, 6.939073472992689], [0.2796001076214135, 9.28185697386448, 5.059853539291614]]
[[-2.3700303903701956, 4.139911637927187, -0.4867121394676864], [-0.6614429826742092, 4.477472049052711, 0.952091654616344], [-1.4989183355047666, 3.981736251499332, -0.5219248769558249]]
[[-5.508514660154977, -3.6663461866166647, -2.5276138201236162], [-4.483914483428864, -3.553385241830685, -1.0276628446037528], [-4.39238435129494, -5.034551767234858, -3.0330033001001575]]
[[-3.108394460881253, -3.8432888774164407, -0.8758953197782788], [-3.4012742138562566, -2.464430841164771, 0.7438313684381148], [-2.786360191916883, -4.121230191956128, -1.2775136459613947]]
[[1.4715153784047432, -8.869061786788377, 0.3138086699415036], [0.4273339961227153, -8.67397562408133, -0.07496549682627007], [0.27483319064449285, -8.211615105527178, 1.2518240803417666]]
[[3.5381081665395993, 6.403895067114962, 2.451266584720277], [2.385219953202666, 6.096007571122443, 1.531087932828165], [4.4415005435615935, 5.649927230129806, 0.9966580641653127]]
[[0.6850817267308574, 5.704879996391507, 4.180617557377671], [0.13052249173507513, 4.605332667328108, 7.798002009314335], [0.7531660073803323, 6.134510113215545, 4.24449618581442]]
[[-1.5249580849731057, -0.6810591202973575, 1.2258090535216333], [-2.0890506957298074, -0.19676492839806606, -0.6995925964443274], [-3.65718440506602, 0.6689925232770177, 0.6474131471690403]]
[[0.15739833134363268, -1.8359348630187444, 2.0672014034079513], [0.7182736758058523, -1.0932621713714255, 1.1086106938955], [0.4549710032592592, -0.2179714505838808, 1.4916569482752196]]
